3,1
3,3
10,274
10,121
10,212
10,281
10,276
10,243
10,114
10,3
9,6
9,4
8,4
8,15
8,8
8,7
8,2
8,3
26,3
26,2
26,1
26,0
25,3
25,2
25,1
25,0
20,3
20,2
20,1
19,3
19,2
19,1
12,3
12,2
12,1
11,28
11,27
11,25
11,24
11,23
11,22
11,20
11,19
11,17
11,16
11,15
11,14
11,13
11,12
11,11
11,10
11,9
11,8
11,7
11,6
11,4
11,3
11,2
11,1
10,295
10,288
10,287
10,282
10,273
10,270
10,268
10,266
10,246
10,240
10,237
10,235
10,232
10,231
10,229
10,221
10,209
10,202
10,197
10,179
10,165
10,157
10,141
18,1
18,3
10,139
10,138
10,129
14,1
14,3
13,1
